1.766421033  
1.327812159  
1.120486749  
0.9327188185  
0.1403901184  
0.1510699427  
0.03017152571  
-0.6292438013  
0.08128270541  
-0.1289626765  
-0.3074367778  
1.010982483  
1.384104003  
1.490785995  
2.009894822  
2.076649495  
1.533869895  
1.389849913  
1.879682515  
1.527590771  
1.225665529  
1.785578255  
1.87728434  
1.246854948  
1.653630639  
0.9938150414  
0.4631323688  
0.3007091115  
0.7642527277  
-0.9029079909  
-1.446770804  
-1.11794717  
-0.01787930736  
-0.8409540945  
-1.744656329  
-0.6520225466  
-0.9260748342  
-0.8521444104  
-0.5961326482  
-0.8593770612  
-1.250920317  
-1.727337247  
-0.8491746045  
-1.462551861  
-0.8118566131  
-0.04686660225  
0.1389453497  
0.2335907508  
0.7068393088  
0.4659720964  
0.7979393009  
0.6667261352  
0.509681612  
-0.06876412901  
-0.1179964681  
-0.3098579146  
-1.1678613  
-2.315055406  
-1.382294872  
-0.8068717496  
-0.7536009971  
0.09947636079  
0.02178814993  
-0.2809504128  
-0.5895981859  
-0.6504406927  
-1.349992441  
-0.4868053386  
-0.01911709707  
-0.556616747  
-0.6023321731  
-0.3175485002  
0.5347188422  
-0.6296400365  
-1.139774536  
-1.128928452  
-1.492064231  
-1.430075396  
-0.157949401  
-0.2078790809  
0.4733134022  
1.319891574  
1.280765375  
1.095338001  
0.7343942638  
-0.2536709324  
-0.9269169077  
-0.678575669  
-1.211031254  
-1.234715115  
-1.818137768  
-0.9823144164  
-1.372405703  
-1.395409835  
-0.7139420677  
-0.8156403049  
-0.08802735338  
-0.0463335261  
-0.3582134643  
-1.120515666  
-0.8318790279  
0.1234116312  
0.5784680899  
0.5676496025  
0.6042058864  
0.5986043551  
-0.6025989579  
-1.046001298  
-0.2790984428  
0.2716976922  
0.3068950959  
0.04491822745  
-0.459588666  
0.7295244152  
1.081543024  
1.47529676  
0.7848717129  
-0.02958954936  
-0.5303824789  
-0.9725029756  
-1.992671406  
-1.506693822  
-0.7703789735  
-1.013924431  
-1.393004652  
-0.2759524191  
0.4716026559  
0.3842031452  
0.4385186339  
0.3028898244  
0.5139793842  
0.9091828203  
1.209168545  
0.366468399  
-0.2696690544  
-0.4596840481  
0.5907565088  
0.4499444607  
-0.4329150867  
-0.7926307239  
-0.06073350811  
-0.7666008657  
-0.9421035941  
-0.8703188065  
-0.4334826576  
-0.2938250216  
0.9482658332  
1.452576485  
0.8414392331  
1.703320854  
1.586326269  
0.9255951363  
0.4303895611  
0.5176108084  
-0.4295186528  
-0.9730466895  
-1.646962439  
-1.356738224  
-1.373211836  
-0.7591463034  
-0.3954797576  
-0.6942375241  
-0.8812190259  
-1.361962655  
-2.063514469  
-0.8433375224  
-0.3061529307  
-0.07036137632  
0.6898501762  
-0.1396565167  
0.2953177332  
1.020625062  
0.8766086828  
0.4042685526  
1.229804496  
0.9284443917  
-0.6119817031  
-0.9896915199  
0.4476737573  
0.8309475209  
0.3242362547  
0.2809499202  
0.5752614976  
-0.1997485256  
-0.3637753958  
0.7988092677  
0.3111103252  
0.572679195  
0.4564970397  
0.9636356287  
-0.5263519873  
-1.151598494  
-0.6514374327  
-0.0369081548  
0.871645421  
1.678306433  
2.796544686  
2.418764694  
1.780276396  
1.995704231  
