0.1408652659  
-0.592742507  
-0.3222658937  
0.3254281232  
-1.035378392  
-1.24049829  
-0.9004915304  
-1.386468477  
-0.6085975559  
-0.7185317743  
-0.8694638378  
0.08682810038  
0.7574892774  
0.1250128864  
0.3767146854  
1.369273139  
0.2903444908  
0.06969657198  
0.5757777188  
0.4244107155  
-0.2963717965  
0.2668016429  
1.254592973  
0.3985460126  
0.6196312881  
0.3703972424  
0.3419263259  
-0.9237183194  
0.09043377973  
-1.028838256  
-0.9778534587  
-1.342302276  
-0.001915187193  
-0.5415253053  
-1.561122737  
-0.2494505074  
-0.5879145144  
-0.8915082211  
-0.6763097796  
-0.71339907  
-0.6970500439  
-1.173904545  
-0.7979097508  
-1.113431247  
-0.3913152248  
-0.7093841203  
-1.112723703  
-0.4579926653  
0.4408227703  
-0.01766088998  
-0.2723023658  
-0.3203061298  
0.5133732102  
-0.4655908581  
-0.5108453846  
-0.06897993474  
-1.232610787  
-1.813994799  
-1.364473227  
-0.07830168776  
-0.7916199457  
-0.1854100326  
0.5387307425  
-0.2991526899  
-0.1924756245  
0.1318738294  
-1.123108355  
-0.8153984532  
-0.2505195427  
-0.9599368182  
-1.217055348  
-0.6227646862  
0.3439541181  
-0.6963850942  
-1.800382016  
-0.6705442202  
-1.27171005  
-1.344536932  
-0.8078374215  
-0.222066968  
-0.4591448117  
0.4274745855  
1.017147467  
-0.2310888824  
0.06370566297  
-0.4960811938  
-1.307753555  
-0.6404514001  
-0.9710287904  
-1.371362699  
-1.36605436  
-0.6867165597  
-0.9216399447  
-1.281143127  
-0.5785444894  
-0.7954773716  
-0.6860375297  
-0.1645427284  
0.04248178986  
-1.106482412  
-0.9607944652  
-0.3446381129  
0.4933145418  
-0.5222715168  
-0.6602993751  
-0.2888408922  
-0.6665429448  
-1.528538444  
-0.5551866721  
0.2653576133  
-0.1042577799  
-0.2542404357  
-0.3727735366  
0.2558160813  
-0.2538137298  
0.2356041142  
-0.2748380996  
-0.02966273869  
-0.5988317141  
-0.571305111  
-1.589943588  
-1.61794556  
-0.02017641819  
-0.6824099987  
-1.160878989  
-0.1796787979  
0.2697784769  
-0.191760102  
-0.1290315982  
-0.2237276683  
0.2823438852  
0.02789146097  
0.1874739708  
-0.1832440542  
-0.3092874292  
-0.8466175079  
0.2241726576  
0.8705914066  
0.1939296673  
-0.001082458708  
0.380375415  
0.5392983384  
0.1455524955  
-0.3649898562  
0.4491770447  
0.3697764389  
0.9035362279  
1.524002361  
1.207316488  
1.18941619  
1.548175172  
1.198482778  
0.6508159292  
0.6177180505  
0.4265806169  
-0.08211648545  
-0.8619725163  
-0.162524487  
0.005156231334  
-0.3825043796  
0.1744070529  
-0.5220423191  
-0.4680666211  
-0.4559197569  
-1.539096905  
-0.6968884674  
0.2910181996  
0.4031682153  
0.8508671316  
0.4134243197  
0.7515063696  
1.360196844  
1.421343636  
0.9625528222  
1.245564161  
1.946528065  
0.1880177298  
0.2448723226  
1.043487606  
1.62256074  
1.278899239  
1.046207171  
1.138706821  
1.08009312  
1.202302821  
2.040807321  
1.62475314  
2.400722988  
1.458145241  
2.261554479  
1.51348561  
0.6580573447  
1.290469957  
1.583280823  
2.641129497  
2.745086027  
3.41480848  
3.632763696  
2.387610141  
2.874853435  
