1.610094611  
1.021467178  
0.9804071324  
1.018214161  
-0.04551332052  
-0.04898571646  
-0.1367020849  
-0.7291481483  
-0.09188507311  
-0.3420584091  
-0.4876752937  
1.009064717  
1.269921116  
1.361670803  
1.682290474  
2.11363468  
1.359321254  
1.186968049  
1.962705231  
1.786649572  
1.311363117  
1.619563785  
1.995065677  
1.338570923  
1.584431593  
1.272571655  
0.8202772468  
0.3733550429  
0.7569496073  
-0.9608236559  
-1.317723125  
-1.170299494  
-0.08276280401  
-0.9194884653  
-2.029005107  
-0.8707028575  
-1.017519545  
-1.165864633  
-0.9330332288  
-1.236376244  
-1.692497476  
-1.708921272  
-1.149239182  
-1.601626814  
-0.7426257901  
-0.1131516714  
-0.1268996709  
-0.007603066721  
0.634249036  
0.5180900916  
0.7874090804  
0.9188109348  
0.7447358743  
0.285225385  
-0.02036131266  
0.04056043084  
-1.043213962  
-2.310449773  
-1.117102718  
-0.278869426  
-0.4758118945  
0.04950932181  
0.04201814513  
-0.2770653786  
-0.474225272  
-0.6294272105  
-1.21136244  
-0.6768536978  
-0.1617327785  
-0.6237017368  
-0.7703723556  
-0.4771792424  
0.5564429217  
-0.5668311448  
-1.241999567  
-0.918945754  
-1.667127588  
-1.690202021  
-0.2129931377  
-0.2440381451  
0.5493488587  
1.687725875  
1.728180616  
1.247348691  
1.130988125  
-0.2007589253  
-1.232765736  
-0.366374145  
-0.9584481268  
-1.258396926  
-1.642416841  
-0.6884489118  
-1.004156114  
-1.287111343  
-0.5523487927  
-0.5983925026  
0.06497492518  
0.2404229473  
0.0470916544  
-0.8842846362  
-0.8112669245  
0.1252524079  
0.820577113  
0.7420542347  
0.5936539935  
0.758696178  
-0.4381659378  
-0.9215871227  
-0.3386285036  
0.4644198528  
0.2577163885  
0.06893455476  
-0.4372431479  
0.670755617  
1.231088134  
1.363416347  
1.007915899  
0.3264931542  
-0.5478752324  
-0.8412193142  
-2.025882196  
-1.32262544  
-0.4894396218  
-1.007803411  
-1.487489646  
-0.3174722503  
0.3112599948  
0.2434065451  
0.2240710097  
0.2761737857  
0.7626126756  
0.9212346557  
0.7556413289  
0.01910656324  
-0.4227766894  
-0.6626071426  
0.5880122077  
0.9034874539  
-0.2992625069  
-0.4720260279  
0.3069930929  
-0.02193561972  
-0.6147136554  
-0.9282606633  
-0.2908915937  
-0.008741570746  
0.8119549788  
1.52804509  
1.046201418  
1.530986431  
1.598631185  
1.048265779  
0.6901054598  
0.6583796761  
-0.1608267743  
-1.082793369  
-2.04103843  
-1.483079676  
-1.412351806  
-0.9446132373  
-0.1563044671  
-0.5257794074  
-0.9285394307  
-1.340192562  
-2.121831776  
-1.028533826  
-0.3465433888  
-0.040210476  
0.5568273521  
-0.1651092762  
0.2016593449  
1.029341319  
1.180225675  
0.4604171933  
0.9487943163  
0.9172529874  
-0.508795027  
-1.007600001  
0.08951348251  
0.6806407461  
0.3232069544  
0.1610742153  
0.08513802727  
-0.382387001  
-0.5660624885  
0.3576536871  
0.1030508554  
0.9463022675  
0.6053324207  
1.053913986  
-0.4552056382  
-1.425531427  
-1.144908919  
-0.289556645  
0.9147781495  
1.472706036  
2.217472431  
2.265868553  
1.449123737  
1.374083493  
